0.000000 200.000000 300.000000 50.000000 
0.000009 199.000000 298.000000 51.000000 
0.000022 198.000000 296.000000 52.000000 
0.000032 197.000000 294.000000 53.000000 
0.000043 196.000000 292.000000 54.000000 
0.000043 195.000000 290.000000 55.000000 
0.000046 194.000000 288.000000 56.000000 
0.000049 193.000000 286.000000 57.000000 
0.000062 192.000000 284.000000 58.000000 
0.000064 191.000000 282.000000 59.000000 
0.000085 190.000000 280.000000 60.000000 
0.000099 189.000000 278.000000 61.000000 
0.000102 188.000000 276.000000 62.000000 
0.000119 187.000000 274.000000 63.000000 
0.000119 186.000000 272.000000 64.000000 
0.000129 185.000000 270.000000 65.000000 
0.000142 184.000000 268.000000 66.000000 
0.000144 183.000000 266.000000 67.000000 
0.000154 182.000000 264.000000 68.000000 
0.000156 181.000000 262.000000 69.000000 
0.000160 180.000000 260.000000 70.000000 
0.000160 179.000000 258.000000 71.000000 
0.000178 178.000000 256.000000 72.000000 
0.000209 177.000000 254.000000 73.000000 
0.000211 176.000000 252.000000 74.000000 
0.000214 175.000000 250.000000 75.000000 
0.000214 174.000000 248.000000 76.000000 
0.000216 173.000000 246.000000 77.000000 
0.000223 172.000000 244.000000 78.000000 
0.000225 171.000000 242.000000 79.000000 
0.000235 170.000000 240.000000 80.000000 
0.000251 169.000000 238.000000 81.000000 
0.000252 168.000000 236.000000 82.000000 
0.000273 167.000000 234.000000 83.000000 
0.000295 166.000000 232.000000 84.000000 
0.000295 165.000000 230.000000 85.000000 
0.000297 164.000000 228.000000 86.000000 
0.000315 163.000000 226.000000 87.000000 
0.000320 162.000000 224.000000 88.000000 
0.000331 161.000000 222.000000 89.000000 
0.000353 160.000000 220.000000 90.000000 
0.000364 159.000000 218.000000 91.000000 
0.000387 158.000000 216.000000 92.000000 
0.000389 157.000000 214.000000 93.000000 
0.000404 156.000000 212.000000 94.000000 
0.000422 155.000000 210.000000 95.000000 
0.000423 154.000000 208.000000 96.000000 
0.000434 153.000000 206.000000 97.000000 
0.000442 152.000000 204.000000 98.000000 
0.000467 151.000000 202.000000 99.000000 
0.000473 150.000000 200.000000 100.000000 
0.000480 149.000000 198.000000 101.000000 
0.000514 148.000000 196.000000 102.000000 
0.000523 147.000000 194.000000 103.000000 
0.000546 146.000000 192.000000 104.000000 
0.000569 145.000000 190.000000 105.000000 
0.000593 144.000000 188.000000 106.000000 
0.000600 143.000000 186.000000 107.000000 
0.000651 142.000000 184.000000 108.000000 
0.000679 141.000000 182.000000 109.000000 
0.000705 140.000000 180.000000 110.000000 
0.000733 139.000000 178.000000 111.000000 
0.000785 138.000000 176.000000 112.000000 
0.000833 137.000000 174.000000 113.000000 
0.000851 136.000000 172.000000 114.000000 
0.000866 135.000000 170.000000 115.000000 
0.000882 134.000000 168.000000 116.000000 
0.000889 133.000000 166.000000 117.000000 
0.000944 132.000000 164.000000 118.000000 
0.000967 131.000000 162.000000 119.000000 
0.000989 130.000000 160.000000 120.000000 
0.000994 129.000000 158.000000 121.000000 
0.001017 128.000000 156.000000 122.000000 
0.001071 127.000000 154.000000 123.000000 
0.001138 126.000000 152.000000 124.000000 
0.001141 125.000000 150.000000 125.000000 
0.001144 124.000000 148.000000 126.000000 
0.001161 123.000000 146.000000 127.000000 
0.001164 122.000000 144.000000 128.000000 
0.001177 121.000000 142.000000 129.000000 
0.001179 120.000000 140.000000 130.000000 
0.001201 119.000000 138.000000 131.000000 
0.001239 118.000000 136.000000 132.000000 
0.001368 117.000000 134.000000 133.000000 
0.001387 116.000000 132.000000 134.000000 
0.001397 115.000000 130.000000 135.000000 
0.001508 114.000000 128.000000 136.000000 
0.001525 113.000000 126.000000 137.000000 
0.001611 112.000000 124.000000 138.000000 
0.001615 111.000000 122.000000 139.000000 
0.001721 110.000000 120.000000 140.000000 
0.001747 109.000000 118.000000 141.000000 
0.001750 108.000000 116.000000 142.000000 
0.001755 107.000000 114.000000 143.000000 
0.001770 106.000000 112.000000 144.000000 
0.001871 105.000000 110.000000 145.000000 
0.001889 104.000000 108.000000 146.000000 
0.002013 103.000000 106.000000 147.000000 
0.002025 102.000000 104.000000 148.000000 
0.002079 101.000000 102.000000 149.000000 
0.002116 100.000000 100.000000 150.000000 
0.002181 99.000000 98.000000 151.000000 
0.002206 98.000000 96.000000 152.000000 
0.002210 97.000000 94.000000 153.000000 
0.002240 96.000000 92.000000 154.000000 
0.002248 95.000000 90.000000 155.000000 
0.002278 94.000000 88.000000 156.000000 
0.002312 93.000000 86.000000 157.000000 
0.002368 92.000000 84.000000 158.000000 
0.002445 91.000000 82.000000 159.000000 
0.002448 90.000000 80.000000 160.000000 
0.002468 89.000000 78.000000 161.000000 
0.002471 88.000000 76.000000 162.000000 
0.002513 87.000000 74.000000 163.000000 
0.002523 86.000000 72.000000 164.000000 
0.002743 85.000000 70.000000 165.000000 
0.002749 84.000000 68.000000 166.000000 
0.002762 83.000000 66.000000 167.000000 
0.002907 82.000000 64.000000 168.000000 
0.003039 81.000000 62.000000 169.000000 
0.003089 80.000000 60.000000 170.000000 
0.003180 79.000000 58.000000 171.000000 
0.003262 78.000000 56.000000 172.000000 
0.003299 77.000000 54.000000 173.000000 
0.003401 76.000000 52.000000 174.000000 
0.003403 75.000000 50.000000 175.000000 
0.003520 74.000000 48.000000 176.000000 
0.004106 73.000000 46.000000 177.000000 
0.004196 72.000000 44.000000 178.000000 
0.004542 71.000000 42.000000 179.000000 
0.004670 70.000000 40.000000 180.000000 
0.004714 69.000000 38.000000 181.000000 
0.004840 68.000000 36.000000 182.000000 
0.004852 67.000000 34.000000 183.000000 
0.005041 66.000000 32.000000 184.000000 
0.005202 65.000000 30.000000 185.000000 
0.005509 64.000000 28.000000 186.000000 
0.005920 63.000000 26.000000 187.000000 
0.005950 62.000000 24.000000 188.000000 
0.006091 61.000000 22.000000 189.000000 
0.006102 60.000000 20.000000 190.000000 
0.006233 59.000000 18.000000 191.000000 
0.006692 58.000000 16.000000 192.000000 
0.006838 57.000000 14.000000 193.000000 
0.007534 56.000000 12.000000 194.000000 
0.008310 55.000000 10.000000 195.000000 
0.011009 54.000000 8.000000 196.000000 
0.012923 53.000000 6.000000 197.000000 
0.013325 52.000000 4.000000 198.000000 
0.016260 51.000000 2.000000 199.000000 
0.021585 50.000000 0.000000 200.000000 
